395.81666666666666
431.5833333333333
449.6
463.73333333333335
473.15
475.56666666666666
480.1
483.06666666666666
483.4
486.18333333333334
487.8
489.78333333333336
491.71666666666664
493.45
496.35
498.21666666666664
501.73333333333335
503.81666666666666
507.1
510.93333333333334
513.6833333333333
517.2166666666667
527.25
530.15
530.6833333333333
530.6333333333333
532.4833333333333
536.7333333333333
541.45
541.8666666666667
542.0166666666667
542.0666666666667
543.5666666666667
543.8333333333334
544.1166666666667
544.0166666666667
542.7666666666667
543.3166666666667
544.8666666666667
546.2833333333333
551.8166666666667
553.3833333333333
555.6833333333333
553.2166666666667
553.4666666666667
552.4333333333333
555.1666666666666
564.3
564.3
564.1166666666667
563.5
564.9333333333333
565.0166666666667
574.8833333333333
575.3833333333333
575.4666666666667
576.0666666666667
576.3166666666667
578.3666666666667
586.3833333333333
587.3666666666667
587.75
589.4666666666667
587.8
596.1666666666666
601.85
603.0
368.28333333333336
367.93333333333334
367.73333333333335
368.3
368.15
367.6
368.01666666666665
368.26666666666665
367.8666666666667
368.18333333333334
368.0
368.6166666666667
368.35
368.0833333333333
368.3333333333333
368.65
368.3666666666667
368.03333333333336
368.2
368.53333333333336
368.46666666666664
367.95
368.51666666666665
368.45
368.4166666666667
368.4166666666667
368.56666666666666
367.71666666666664
367.93333333333334
376.05
364.8333333333333
365.0833333333333
365.1166666666667
365.23333333333335
365.0
365.5
